сначала, попробовала увеличить количество эпох.

Вот это исходный вариант:
epochs=5
loss: 0.1148 - accuracy: 0.9649
[7 2 1 0 4 1 4 9 6 9 0 6 9 0 1 5 9 7 8 4 9 6 6 5 4]
[7 2 1 0 4 1 4 9 5 9 0 6 9 0 1 5 9 7 3 4 9 6 6 5 4]
принял 3 за 8 и 5 за 6



увеличила количество эпох в 2 раза
это повысило точность
epochs=10
loss: 0.0761 - accuracy: 0.9753
[7 2 1 0 4 1 4 9 5 9 0 6 9 0 1 5 9 7 3 4 9 6 6 5 4]
[7 2 1 0 4 1 4 9 5 9 0 6 9 0 1 5 9 7 3 4 9 6 6 5 4]

увеличила количество эпох еще в 2 раза
это так же повысило точность
epochs=20
loss: 0.0426 - accuracy: 0.9860
[7 2 1 0 4 1 4 9 5 9 0 6 9 0 1 5 9 7 8 4 9 6 6 5 4 0 7 4 0 1 3 1 3 4 7 2 7
 1 2 1 1 7 4 2 3 5 1 2 4 4]
[7 2 1 0 4 1 4 9 5 9 0 6 9 0 1 5 9 7 3 4 9 6 6 5 4 0 7 4 0 1 3 1 3 4 7 2 7
 1 2 1 1 7 4 2 3 5 1 2 4 4]
принял 3 за 8


попробовала увеличить batch_size
точность стала выше
epochs=20
batch_size=64
loss: 0.0362 - accuracy: 0.9874
[7 2 1 0 4 1 4 9 5 9 0 6 9 0 1 5 9 7 3 4 9 6 6 5 4 0 7 4 0 1 3 1 3 4 7 2 7
 1 2 1 1 7 4 2 3 5 1 2 4 4]
[7 2 1 0 4 1 4 9 5 9 0 6 9 0 1 5 9 7 3 4 9 6 6 5 4 0 7 4 0 1 3 1 3 4 7 2 7
 1 2 1 1 7 4 2 3 5 1 2 4 4]



попробовала изменить функцию ошибки:
ошибка стала меньше, но и точность меньше
loss='mean_squared_error',
loss: 0.0031 - accuracy: 0.9805
[7 2 1 0 4 1 4 9 5 9 0 6 9 0 1 5 9 7 8 4 9 6 6 5 4 0 7 4 0 1 3 1 3 4 7 2 7
 1 2 1 1 7 4 2 3 5 1 2 4 4]
[7 2 1 0 4 1 4 9 5 9 0 6 9 0 1 5 9 7 3 4 9 6 6 5 4 0 7 4 0 1 3 1 3 4 7 2 7
 1 2 1 1 7 4 2 3 5 1 2 4 4]
3 8


тут ошибка стала больше, но точность тоже больше
loss='binary_crossentropy',
loss: 0.0070 - accuracy: 0.9975
[7 2 1 0 4 1 4 9 5 9 0 6 9 0 1 5 9 7 8 4 7 6 6 5 4 0 7 4 0 1 3 1 3 4 7 2 7
 1 2 1 1 7 4 2 3 5 1 2 4 4]
[7 2 1 0 4 1 4 9 5 9 0 6 9 0 1 5 9 7 3 4 9 6 6 5 4 0 7 4 0 1 3 1 3 4 7 2 7
 1 2 1 1 7 4 2 3 5 1 2 4 4]
принял 3 за 8
принял 9 за 7


попробовала изменить количество слоев:
ошибка больше, точность меньше
Dense(128, activation='relu', input_shape=(784,)),
Dense(128, activation='relu'),
  
loss: 0.0208 - accuracy: 0.9930
[7 2 1 0 4 1 4 9 5 9 0 6 9 0 1 5 9 7 3 4 9 6 6 5 4 0 7 4 0 1 3 1 3 4 7 2 7
 1 2 1 1 7 4 2 3 5 1 2 4 4]
[7 2 1 0 4 1 4 9 5 9 0 6 9 0 1 5 9 7 3 4 9 6 6 5 4 0 7 4 0 1 3 1 3 4 7 2 7
 1 2 1 1 7 4 2 3 5 1 2 4 4]
 
попробовала изменить оптимайзер:
стало хуже
optimizer='Adamax',
loss: 0.0547 - accuracy: 0.9831

[7 2 1 0 4 1 4 9 5 9 0 6 9 0 1 5 9 7 8 4 9 6 6 5 4 0 7 4 0 1 3 1 3 4 7 2 7
 1 2 1 1 7 4 2 3 5 1 2 4 4]
[7 2 1 0 4 1 4 9 5 9 0 6 9 0 1 5 9 7 3 4 9 6 6 5 4 0 7 4 0 1 3 1 3 4 7 2 7
 1 2 1 1 7 4 2 3 5 1 2 4 4]
3 8
